20
497151700 96511
9 7 6 999919625
977365070 59489
8 5 9 999966210
164 96
76 2 193 164
131 74
1 9 10 78736
137 49
48 17 461 137
1000000000 100000
999999999 1 999999999 1000000000
218492221 46085
3 7 1 999969453
1000000000 100000
1 1 1 1000000000
714311129 39521
9 5 9 999998192
110 53
7 7 1 64417
840698758 13331
8 7 10 999955808
186 75
68 16 539 186
693840425 90561
2 6 7 999957328
66 39
35 2 589 66
1000000000 1
12 7 74 12
177 73
7 7 5 56401
73 26
5 8 4 54214
249718282 93729
1 5 6 999917908
1000000000 100000
1 1 0 2
22 21
1 4 869 22
